,,,,,globalP,globalP,globalP,globalP,globalP,globalP,packetP,packetP,packetP,packetP,packetP,packetP,sessionP,sessionP,sessionP,sessionP,sessionP,sessionP,transactionP,transactionP,transactionP,transactionP,transactionP,transactionP
,subscriber_count_Connected,subscriber_count_Idle,subscriber_count_Pending,subscriber_count_Unregistered,phoenix_memory_cm_max_used_chunks_per_pool_count_cm_globalP_ausf,phoenix_memory_cm_used_chunk_count_cm_globalP_ausf,phoenix_memory_pool_create_count_cm_globalP_ausf,phoenix_memory_pool_destroy_count_cm_globalP_ausf,total_allocated_memory_globalP_ausf,chunk_create_count_minus_destroy_count_cm_globalP_ausf,phoenix_memory_cm_max_used_chunks_per_pool_count_cm_packetP_ausf,phoenix_memory_cm_used_chunk_count_cm_packetP_ausf,phoenix_memory_pool_create_count_cm_packetP_ausf,phoenix_memory_pool_destroy_count_cm_packetP_ausf,total_allocated_memory_packetP_ausf,chunk_create_count_minus_destroy_count_cm_packetP_ausf,phoenix_memory_cm_max_used_chunks_per_pool_count_cm_sessionP_ausf,phoenix_memory_cm_used_chunk_count_cm_sessionP_ausf,phoenix_memory_pool_create_count_cm_sessionP_ausf,phoenix_memory_pool_destroy_count_cm_sessionP_ausf,total_allocated_memory_sessionP_ausf,chunk_create_count_minus_destroy_count_cm_sessionP_ausf,phoenix_memory_cm_max_used_chunks_per_pool_count_cm_transactionP_ausf,phoenix_memory_cm_used_chunk_count_cm_transactionP_ausf,phoenix_memory_pool_create_count_cm_transactionP_ausf,phoenix_memory_pool_destroy_count_cm_transactionP_ausf,total_allocated_memory_transactionP_ausf,chunk_create_count_minus_destroy_count_cm_transactionP_ausf
timestamp,,,,,,,,,,,,,,,,,,,,,,,,,,,,
2024-06-24 08:42:29,0,0,0,10000,3,20,20,0,96.0,20,6,2,173,170,32.0,3,1,1,2,1,8.0,1,1,4,40,36,16.0,4
2024-06-24 08:42:30,0,0,0,10000,3,20,20,0,96.0,20,6,2,179,176,32.0,3,1,1,2,1,8.0,1,1,4,41,37,16.0,4
2024-06-24 08:42:31,1,0,0,9999,3,20,20,0,96.0,20,6,2,185,182,32.0,3,1,1,3,2,8.0,1,1,4,48,44,16.0,4
2024-06-24 08:42:32,2,0,0,9998,3,20,20,0,96.0,20,6,2,191,188,32.0,3,1,1,4,3,8.0,1,1,4,55,51,16.0,4
2024-06-24 08:42:33,3,0,0,9997,3,20,20,0,96.0,20,6,2,197,194,32.0,3,1,1,5,4,8.0,1,1,4,62,58,16.0,4
2024-06-24 08:42:34,4,0,0,9996,3,20,20,0,96.0,20,6,2,203,200,32.0,3,1,1,6,5,8.0,1,1,4,69,65,16.0,4
2024-06-24 08:42:35,5,0,0,9995,3,20,20,0,96.0,20,6,2,209,206,32.0,3,1,1,7,6,8.0,1,1,4,76,72,16.0,4
2024-06-24 08:42:36,6,0,0,9994,3,20,20,0,96.0,20,6,2,215,212,32.0,3,1,1,8,7,8.0,1,1,4,83,79,16.0,4
2024-06-24 08:42:37,7,0,0,9993,3,20,20,0,96.0,20,6,2,221,218,32.0,3,1,1,9,8,8.0,1,1,4,90,86,16.0,4
2024-06-24 08:42:38,8,0,0,9992,3,20,20,0,96.0,20,6,2,227,224,32.0,3,1,1,10,9,8.0,1,1,4,97,93,16.0,4
2024-06-24 08:42:39,9,0,0,9991,3,20,20,0,96.0,20,7,2,234,231,32.0,3,1,1,11,10,8.0,1,1,4,104,100,16.0,4
2024-06-24 08:42:40,10,0,0,9990,3,20,20,0,96.0,20,7,2,241,238,32.0,3,1,1,12,11,8.0,1,1,4,111,107,16.0,4
2024-06-24 08:42:41,11,0,0,9989,3,20,20,0,96.0,20,7,2,248,245,32.0,3,1,1,13,12,8.0,1,1,4,118,114,16.0,4
2024-06-24 08:42:42,12,0,0,9988,3,20,20,0,96.0,20,7,2,255,252,32.0,3,1,1,14,13,8.0,1,1,4,125,121,16.0,4
2024-06-24 08:42:43,13,0,0,9987,3,20,20,0,96.0,20,7,2,262,259,32.0,3,1,1,15,14,8.0,1,1,4,132,128,16.0,4
2024-06-24 08:42:44,14,0,0,9986,3,20,20,0,96.0,20,7,2,269,266,32.0,3,1,1,16,15,8.0,1,1,4,139,135,16.0,4
2024-06-24 08:42:45,15,0,0,9985,3,20,20,0,96.0,20,7,2,276,273,32.0,3,1,1,17,16,8.0,1,1,4,146,142,16.0,4
2024-06-24 08:42:46,16,0,0,9984,3,20,20,0,96.0,20,8,2,284,281,32.0,3,1,1,18,17,8.0,1,1,4,153,149,16.0,4
2024-06-24 08:42:47,17,0,0,9983,3,20,20,0,96.0,20,8,2,292,289,32.0,3,1,1,19,18,8.0,1,1,4,160,156,16.0,4
2024-06-24 08:42:48,18,0,0,9982,3,20,20,0,96.0,20,8,2,300,297,32.0,3,1,1,20,19,8.0,1,1,4,167,163,16.0,4
2024-06-24 08:42:49,18,0,1,9981,3,21,21,0,96.0,21,8,2,308,305,32.0,3,1,1,21,20,8.0,1,1,4,174,170,16.0,4
2024-06-24 08:42:50,19,0,1,9980,3,21,21,0,96.0,21,8,2,316,313,32.0,3,1,1,22,21,8.0,1,1,4,181,177,16.0,4
2024-06-24 08:42:51,20,0,1,9979,3,21,21,0,96.0,21,8,2,324,321,32.0,3,1,1,23,22,8.0,1,1,4,188,184,16.0,4
2024-06-24 08:42:52,21,0,1,9978,3,21,21,0,96.0,21,8,2,332,329,32.0,3,1,1,24,23,8.0,1,1,4,195,191,16.0,4
2024-06-24 08:42:53,22,0,1,9977,3,21,21,0,96.0,21,8,2,340,337,32.0,3,1,1,25,24,8.0,1,1,4,202,198,16.0,4
2024-06-24 08:42:54,23,0,1,9976,3,21,21,0,96.0,21,9,2,349,346,32.0,3,1,1,26,25,8.0,1,1,4,209,205,16.0,4
2024-06-24 08:42:55,24,0,1,9975,3,21,21,0,96.0,21,9,2,358,355,32.0,3,1,1,27,26,8.0,1,1,4,216,212,16.0,4
2024-06-24 08:42:56,25,0,1,9974,3,21,21,0,96.0,21,9,2,367,364,32.0,3,1,1,28,27,8.0,1,1,4,223,219,16.0,4
2024-06-24 08:42:57,26,0,1,9973,3,21,21,0,96.0,21,9,2,376,373,32.0,3,1,1,29,28,8.0,1,1,4,230,226,16.0,4
2024-06-24 08:42:58,27,0,1,9972,3,21,21,0,96.0,21,9,2,385,382,32.0,3,1,1,30,29,8.0,1,1,4,237,233,16.0,4
2024-06-24 08:42:59,28,0,1,9971,3,21,21,0,96.0,21,9,2,394,391,32.0,3,1,1,31,30,8.0,1,1,4,244,240,16.0,4
2024-06-24 08:43:00,29,0,1,9970,3,21,21,0,96.0,21,9,2,403,400,32.0,3,1,1,32,31,8.0,1,1,4,251,247,16.0,4
2024-06-24 08:43:01,30,0,1,9969,3,21,21,0,96.0,21,9,2,412,409,32.0,3,1,1,33,32,8.0,1,1,4,258,254,16.0,4
2024-06-24 08:43:02,31,0,1,9968,3,21,21,0,96.0,21,10,2,422,419,32.0,3,1,1,34,33,8.0,1,1,4,265,261,16.0,4
2024-06-24 08:43:03,32,0,1,9967,3,21,21,0,96.0,21,10,2,432,429,32.0,3,1,1,35,34,8.0,1,1,4,272,268,16.0,4
2024-06-24 08:43:04,33,0,1,9966,3,21,21,0,96.0,21,10,2,442,439,32.0,3,1,1,36,35,8.0,1,1,4,279,275,16.0,4
2024-06-24 08:43:05,34,0,1,9965,3,21,21,0,96.0,21,10,2,452,449,32.0,3,1,1,37,36,8.0,1,1,4,286,282,16.0,4
2024-06-24 08:43:06,35,0,1,9964,3,21,21,0,96.0,21,10,2,462,459,32.0,3,1,1,38,37,8.0,1,1,4,293,289,16.0,4
2024-06-24 08:43:07,36,0,1,9963,3,21,21,0,96.0,21,10,2,472,469,32.0,3,1,1,39,38,8.0,1,1,4,300,296,16.0,4
2024-06-24 08:43:08,37,0,1,9962,3,21,21,0,96.0,21,10,2,482,479,32.0,3,1,1,40,39,8.0,1,1,4,307,303,16.0,4
2024-06-24 08:43:09,38,0,1,9961,3,21,21,0,96.0,21,11,2,493,490,32.0,3,1,1,41,40,8.0,1,1,4,314,310,16.0,4
2024-06-24 08:43:10,39,0,1,9960,3,22,22,0,96.0,22,11,2,504,501,32.0,3,1,1,42,41,8.0,1,1,4,321,317,16.0,4
2024-06-24 08:43:11,40,0,1,9959,3,22,22,0,96.0,22,11,2,515,512,32.0,3,1,1,43,42,8.0,1,1,4,328,324,16.0,4
2024-06-24 08:43:12,41,0,1,9958,3,22,22,0,96.0,22,11,2,526,523,32.0,3,1,1,44,43,8.0,1,1,4,335,331,16.0,4
2024-06-24 08:43:13,42,0,1,9957,3,22,22,0,96.0,22,11,2,537,534,32.0,3,1,1,45,44,8.0,1,1,4,342,338,16.0,4
2024-06-24 08:43:14,43,0,1,9956,3,22,22,0,96.0,22,11,2,548,545,32.0,3,1,1,46,45,8.0,1,1,4,349,345,16.0,4
2024-06-24 08:43:15,44,0,1,9955,3,22,22,0,96.0,22,11,2,559,556,32.0,3,1,1,47,46,8.0,1,1,4,356,352,16.0,4
2024-06-24 08:43:16,45,0,1,9954,3,22,22,0,96.0,22,11,2,570,567,32.0,3,1,1,48,47,8.0,1,1,4,363,359,16.0,4
2024-06-24 08:43:17,46,0,1,9953,3,22,22,0,96.0,22,12,2,582,579,32.0,3,1,1,49,48,8.0,1,1,4,370,366,16.0,4
2024-06-24 08:43:18,47,0,1,9952,3,22,22,0,96.0,22,12,2,594,591,32.0,3,1,1,50,49,8.0,1,1,4,377,373,16.0,4
2024-06-24 08:43:19,48,0,1,9951,3,22,22,0,96.0,22,12,2,606,603,32.0,3,1,1,51,50,8.0,1,1,4,384,380,16.0,4
2024-06-24 08:43:20,49,0,1,9950,3,22,22,0,96.0,22,12,2,618,615,32.0,3,1,1,52,51,8.0,1,1,4,391,387,16.0,4
2024-06-24 08:43:21,48,1,1,9950,3,22,22,0,96.0,22,12,2,630,627,32.0,3,1,1,52,51,8.0,1,1,4,392,388,16.0,4
2024-06-24 08:43:22,49,0,1,9950,3,22,22,0,96.0,22,12,2,642,639,32.0,3,1,1,52,51,8.0,1,1,4,393,389,16.0,4
2024-06-24 08:43:23,49,0,1,9950,3,22,22,0,96.0,22,12,2,654,651,32.0,3,1,1,52,51,8.0,1,1,4,394,390,16.0,4
2024-06-24 08:43:24,49,0,1,9950,3,22,22,0,96.0,22,12,2,666,663,32.0,3,1,1,52,51,8.0,1,1,4,395,391,16.0,4
2024-06-24 08:43:25,49,0,1,9950,3,22,22,0,96.0,22,12,2,678,675,32.0,3,1,1,52,51,8.0,1,1,4,396,392,16.0,4
2024-06-24 08:43:26,49,0,1,9950,3,22,22,0,96.0,22,12,2,690,687,32.0,3,1,1,52,51,8.0,1,1,4,397,393,16.0,4
