,,,,,globalP,globalP,globalP,globalP,globalP,globalP,packetP,packetP,packetP,packetP,packetP,packetP,sessionP,sessionP,sessionP,sessionP,sessionP,sessionP,transactionP,transactionP,transactionP,transactionP,transactionP,transactionP
,subscriber_count_Connected,subscriber_count_Idle,subscriber_count_Pending,subscriber_count_Unregistered,phoenix_memory_cm_max_used_chunks_per_pool_count_cm_globalP_udm,phoenix_memory_cm_used_chunk_count_cm_globalP_udm,phoenix_memory_pool_create_count_cm_globalP_udm,phoenix_memory_pool_destroy_count_cm_globalP_udm,total_allocated_memory_globalP_udm,chunk_create_count_minus_destroy_count_cm_globalP_udm,phoenix_memory_cm_max_used_chunks_per_pool_count_cm_packetP_udm,phoenix_memory_cm_used_chunk_count_cm_packetP_udm,phoenix_memory_pool_create_count_cm_packetP_udm,phoenix_memory_pool_destroy_count_cm_packetP_udm,total_allocated_memory_packetP_udm,chunk_create_count_minus_destroy_count_cm_packetP_udm,phoenix_memory_cm_max_used_chunks_per_pool_count_cm_sessionP_udm,phoenix_memory_cm_used_chunk_count_cm_sessionP_udm,phoenix_memory_pool_create_count_cm_sessionP_udm,phoenix_memory_pool_destroy_count_cm_sessionP_udm,total_allocated_memory_sessionP_udm,chunk_create_count_minus_destroy_count_cm_sessionP_udm,phoenix_memory_cm_max_used_chunks_per_pool_count_cm_transactionP_udm,phoenix_memory_cm_used_chunk_count_cm_transactionP_udm,phoenix_memory_pool_create_count_cm_transactionP_udm,phoenix_memory_pool_destroy_count_cm_transactionP_udm,total_allocated_memory_transactionP_udm,chunk_create_count_minus_destroy_count_cm_transactionP_udm
timestamp,,,,,,,,,,,,,,,,,,,,,,,,,,,,
2024-06-25 11:19:39,0,0,0,10000,6,29,29,0,16.0,29,9,5,592,586,16.0,6,1,0,1,1,16.0,0,2,4,73,69,16.0,4
2024-06-25 11:19:40,1,0,0,9999,6,29,29,0,16.0,29,9,5,601,595,16.0,6,1,0,2,2,16.0,0,2,4,81,77,16.0,4
2024-06-25 11:19:41,2,0,0,9998,6,29,29,0,16.0,29,9,5,610,604,16.0,6,1,0,3,3,16.0,0,2,4,89,85,16.0,4
2024-06-25 11:19:42,3,0,0,9997,6,29,29,0,16.0,29,9,5,619,613,16.0,6,1,0,4,4,16.0,0,2,4,97,93,16.0,4
2024-06-25 11:19:43,4,0,0,9996,6,29,29,0,16.0,29,9,5,628,622,16.0,6,1,0,5,5,16.0,0,2,4,105,101,16.0,4
2024-06-25 11:19:44,5,0,0,9995,6,29,29,0,16.0,29,10,5,638,632,16.0,6,1,0,6,6,16.0,0,2,4,113,109,16.0,4
2024-06-25 11:19:45,6,0,0,9994,6,29,29,0,16.0,29,10,5,648,642,16.0,6,1,0,7,7,16.0,0,2,4,121,117,16.0,4
2024-06-25 11:19:46,7,0,0,9993,6,29,29,0,16.0,29,10,5,658,652,16.0,6,1,0,8,8,16.0,0,2,4,129,125,16.0,4
2024-06-25 11:19:47,8,0,0,9992,6,29,29,0,16.0,29,10,5,668,662,16.0,6,1,0,9,9,16.0,0,2,4,137,133,16.0,4
2024-06-25 11:19:48,9,0,0,9991,6,29,29,0,16.0,29,10,5,678,672,16.0,6,1,0,10,10,16.0,0,2,4,145,141,16.0,4
2024-06-25 11:19:49,10,0,0,9990,6,29,29,0,16.0,29,10,5,688,682,16.0,6,1,0,11,11,16.0,0,2,4,153,149,16.0,4
2024-06-25 11:19:50,11,0,0,9989,6,29,29,0,16.0,29,11,5,699,693,16.0,6,1,0,12,12,16.0,0,2,4,161,157,16.0,4
2024-06-25 11:19:51,12,0,0,9988,6,29,29,0,16.0,29,11,5,710,704,16.0,6,1,0,13,13,16.0,0,2,4,169,165,16.0,4
2024-06-25 11:19:52,13,0,0,9987,6,29,29,0,16.0,29,11,5,721,715,16.0,6,1,0,14,14,16.0,0,2,4,177,173,16.0,4
2024-06-25 11:19:53,14,0,0,9986,6,30,30,0,16.0,30,11,5,732,726,16.0,6,1,0,15,15,16.0,0,2,4,185,181,16.0,4
2024-06-25 11:19:54,15,0,0,9985,6,30,30,0,16.0,30,11,5,743,737,16.0,6,1,0,16,16,16.0,0,2,4,193,189,16.0,4
2024-06-25 11:19:55,16,0,0,9984,6,30,30,0,16.0,30,11,5,754,748,16.0,6,1,0,17,17,16.0,0,2,4,201,197,16.0,4
2024-06-25 11:19:56,17,0,0,9983,6,30,30,0,16.0,30,12,5,766,760,16.0,6,1,0,18,18,16.0,0,2,4,209,205,16.0,4
2024-06-25 11:19:57,18,0,0,9982,6,30,30,0,16.0,30,12,5,778,772,16.0,6,1,0,19,19,16.0,0,2,4,217,213,16.0,4
2024-06-25 11:19:58,19,0,0,9981,6,30,30,0,16.0,30,12,5,790,784,16.0,6,1,0,20,20,16.0,0,2,4,225,221,16.0,4
2024-06-25 11:19:59,20,0,0,9980,6,30,30,0,16.0,30,12,5,802,796,16.0,6,1,0,21,21,16.0,0,2,4,233,229,16.0,4
2024-06-25 11:20:00,21,0,0,9979,6,30,30,0,16.0,30,12,5,814,808,16.0,6,1,0,22,22,16.0,0,2,4,241,237,16.0,4
2024-06-25 11:20:01,22,0,0,9978,6,30,30,0,16.0,30,13,5,827,821,16.0,6,1,0,23,23,16.0,0,2,4,249,245,16.0,4
2024-06-25 11:20:02,23,0,0,9977,6,30,30,0,16.0,30,13,5,840,834,16.0,6,1,0,24,24,16.0,0,2,4,257,253,16.0,4
2024-06-25 11:20:03,24,0,0,9976,6,30,30,0,16.0,30,13,5,853,847,16.0,6,1,0,25,25,16.0,0,2,4,265,261,16.0,4
2024-06-25 11:20:04,25,0,0,9975,6,30,30,0,16.0,30,13,5,866,860,16.0,6,1,0,26,26,16.0,0,2,4,273,269,16.0,4
2024-06-25 11:20:05,26,0,0,9974,6,30,30,0,16.0,30,13,5,879,873,16.0,6,1,0,27,27,16.0,0,2,4,281,277,16.0,4
2024-06-25 11:20:06,27,0,0,9973,6,30,30,0,16.0,30,13,5,892,886,16.0,6,1,0,28,28,16.0,0,2,4,289,285,16.0,4
2024-06-25 11:20:07,28,0,0,9972,6,30,30,0,16.0,30,14,5,906,900,16.0,6,1,0,29,29,16.0,0,2,4,297,293,16.0,4
2024-06-25 11:20:08,29,0,0,9971,6,30,30,0,16.0,30,14,5,920,914,16.0,6,1,0,30,30,16.0,0,2,4,305,301,16.0,4
2024-06-25 11:20:09,30,0,0,9970,6,31,31,0,16.0,31,14,5,934,928,16.0,6,1,0,31,31,16.0,0,2,4,313,309,16.0,4
2024-06-25 11:20:10,31,0,0,9969,6,31,31,0,16.0,31,14,5,948,942,16.0,6,1,0,32,32,16.0,0,2,4,321,317,16.0,4
2024-06-25 11:20:11,32,0,0,9968,6,31,31,0,16.0,31,14,5,962,956,16.0,6,1,0,33,33,16.0,0,2,4,329,325,16.0,4
2024-06-25 11:20:12,33,0,0,9967,6,31,31,0,16.0,31,14,5,976,970,16.0,6,1,0,34,34,16.0,0,2,4,337,333,16.0,4
2024-06-25 11:20:13,34,0,0,9966,6,31,31,0,16.0,31,15,5,991,985,16.0,6,1,0,35,35,16.0,0,2,4,345,341,16.0,4
2024-06-25 11:20:14,35,0,0,9965,6,31,31,0,16.0,31,15,5,1006,1000,16.0,6,1,0,36,36,16.0,0,2,4,353,349,16.0,4
2024-06-25 11:20:15,36,0,0,9964,6,31,31,0,16.0,31,15,5,1021,1015,16.0,6,1,0,37,37,16.0,0,2,4,361,357,16.0,4
2024-06-25 11:20:16,37,0,0,9963,6,31,31,0,16.0,31,15,5,1036,1030,16.0,6,1,0,38,38,16.0,0,2,4,369,365,16.0,4
2024-06-25 11:20:17,38,0,0,9962,6,31,31,0,16.0,31,15,5,1051,1045,16.0,6,1,0,39,39,16.0,0,2,4,377,373,16.0,4
2024-06-25 11:20:18,39,0,0,9961,6,31,31,0,16.0,31,16,5,1067,1061,16.0,6,1,0,40,40,16.0,0,2,4,385,381,16.0,4
2024-06-25 11:20:19,40,0,0,9960,6,31,31,0,16.0,31,16,5,1083,1077,16.0,6,1,0,41,41,16.0,0,2,4,393,389,16.0,4
2024-06-25 11:20:20,41,0,0,9959,6,31,31,0,16.0,31,16,5,1099,1093,16.0,6,1,0,42,42,16.0,0,2,4,401,397,16.0,4
2024-06-25 11:20:21,42,0,0,9958,6,31,31,0,16.0,31,16,5,1115,1109,16.0,6,1,0,43,43,16.0,0,2,4,409,405,16.0,4
2024-06-25 11:20:22,43,0,0,9957,6,31,31,0,16.0,31,16,5,1131,1125,16.0,6,1,0,44,44,16.0,0,2,4,417,413,16.0,4
2024-06-25 11:20:23,44,0,0,9956,6,31,31,0,16.0,31,16,5,1147,1141,16.0,6,1,0,45,45,16.0,0,2,4,425,421,16.0,4
2024-06-25 11:20:24,45,0,0,9955,6,32,32,0,16.0,32,17,5,1164,1158,16.0,6,1,0,46,46,16.0,0,2,4,433,429,16.0,4
2024-06-25 11:20:25,46,0,0,9954,6,32,32,0,16.0,32,17,5,1181,1175,16.0,6,1,0,47,47,16.0,0,2,4,441,437,16.0,4
2024-06-25 11:20:26,47,0,0,9953,6,32,32,0,16.0,32,17,5,1198,1192,16.0,6,1,0,48,48,16.0,0,2,4,449,445,16.0,4
2024-06-25 11:20:27,48,0,0,9952,6,32,32,0,16.0,32,17,5,1215,1209,16.0,6,1,0,49,49,16.0,0,2,4,457,453,16.0,4
2024-06-25 11:20:28,49,0,0,9951,6,32,32,0,16.0,32,17,5,1232,1226,16.0,6,1,0,50,50,16.0,0,2,4,465,461,16.0,4
2024-06-25 11:20:29,50,0,0,9950,6,32,32,0,16.0,32,17,5,1249,1243,16.0,6,1,0,51,51,16.0,0,2,4,473,469,16.0,4
2024-06-25 11:20:30,51,0,0,9949,6,32,32,0,16.0,32,18,5,1267,1261,16.0,6,1,0,52,52,16.0,0,2,4,481,477,16.0,4
2024-06-25 11:20:31,52,0,0,9948,6,32,32,0,16.0,32,18,5,1285,1279,16.0,6,1,0,53,53,16.0,0,2,4,489,485,16.0,4
2024-06-25 11:20:32,53,0,0,9947,6,32,32,0,16.0,32,18,5,1303,1297,16.0,6,1,0,54,54,16.0,0,2,4,497,493,16.0,4
2024-06-25 11:20:33,54,0,0,9946,6,32,32,0,16.0,32,18,5,1321,1315,16.0,6,1,0,55,55,16.0,0,2,4,505,501,16.0,4
2024-06-25 11:20:34,55,0,0,9945,6,32,32,0,16.0,32,18,5,1339,1333,16.0,6,1,0,56,56,16.0,0,2,4,513,509,16.0,4
2024-06-25 11:20:35,56,0,0,9944,6,32,32,0,16.0,32,19,5,1358,1352,16.0,6,1,0,57,57,16.0,0,2,4,521,517,16.0,4
2024-06-25 11:20:36,57,0,0,9943,6,32,32,0,16.0,32,19,5,1377,1371,16.0,6,1,0,58,58,16.0,0,2,4,529,525,16.0,4
2024-06-25 11:20:37,58,0,0,9942,6,32,32,0,16.0,32,19,5,1396,1390,16.0,6,1,0,59,59,16.0,0,2,4,537,533,16.0,4
2024-06-25 11:20:38,59,0,0,9941,6,32,32,0,16.0,32,19,5,1415,1409,16.0,6,1,0,60,60,16.0,0,2,4,545,541,16.0,4
2024-06-25 11:20:39,60,0,0,9940,6,32,32,0,16.0,32,19,5,1434,1428,16.0,6,1,0,61,61,16.0,0,2,4,553,549,16.0,4
2024-06-25 11:20:40,61,0,0,9939,6,33,33,0,16.0,33,19,5,1453,1447,16.0,6,1,0,62,62,16.0,0,2,4,561,557,16.0,4
2024-06-25 11:20:41,62,0,0,9938,6,33,33,0,16.0,33,20,5,1473,1467,16.0,6,1,0,63,63,16.0,0,2,4,569,565,16.0,4
2024-06-25 11:20:42,63,0,0,9937,6,33,33,0,16.0,33,20,5,1493,1487,16.0,6,1,0,64,64,16.0,0,2,4,577,573,16.0,4
2024-06-25 11:20:43,64,0,0,9936,6,33,33,0,16.0,33,20,5,1513,1507,16.0,6,1,0,65,65,16.0,0,2,4,585,581,16.0,4
2024-06-25 11:20:44,65,0,0,9935,6,33,33,0,16.0,33,20,5,1533,1527,16.0,6,1,0,66,66,16.0,0,2,4,593,589,16.0,4
2024-06-25 11:20:45,66,0,0,9934,6,33,33,0,16.0,33,20,5,1553,1547,16.0,6,1,0,67,67,16.0,0,2,4,601,597,16.0,4
2024-06-25 11:20:46,67,0,0,9933,6,33,33,0,16.0,33,20,5,1573,1567,16.0,6,1,0,68,68,16.0,0,2,4,609,605,16.0,4
2024-06-25 11:20:47,68,0,0,9932,6,33,33,0,16.0,33,21,5,1594,1588,16.0,6,1,0,69,69,16.0,0,2,4,617,613,16.0,4
2024-06-25 11:20:48,69,0,0,9931,6,33,33,0,16.0,33,21,5,1615,1609,16.0,6,1,0,70,70,16.0,0,2,4,625,621,16.0,4
2024-06-25 11:20:49,70,0,0,9930,6,33,33,0,16.0,33,21,5,1636,1630,16.0,6,1,0,71,71,16.0,0,2,4,633,629,16.0,4
2024-06-25 11:20:50,71,0,0,9929,6,33,33,0,16.0,33,21,5,1657,1651,16.0,6,1,0,72,72,16.0,0,2,4,641,637,16.0,4
2024-06-25 11:20:51,72,0,0,9928,6,33,33,0,16.0,33,21,5,1678,1672,16.0,6,1,0,73,73,16.0,0,2,4,649,645,16.0,4
2024-06-25 11:20:52,73,0,0,9927,6,33,33,0,16.0,33,22,5,1700,1694,16.0,6,1,0,74,74,16.0,0,2,4,657,653,16.0,4
2024-06-25 11:20:53,74,0,0,9926,6,33,33,0,16.0,33,22,5,1722,1716,16.0,6,1,0,75,75,16.0,0,2,4,665,661,16.0,4
2024-06-25 11:20:54,75,0,0,9925,6,33,33,0,16.0,33,22,5,1744,1738,16.0,6,1,0,76,76,16.0,0,2,4,673,669,16.0,4
2024-06-25 11:20:55,76,0,0,9924,6,33,33,0,16.0,33,22,5,1766,1760,16.0,6,1,0,77,77,16.0,0,2,4,681,677,16.0,4
2024-06-25 11:20:56,77,0,0,9923,6,34,34,0,16.0,34,22,5,1788,1782,16.0,6,1,0,78,78,16.0,0,2,4,689,685,16.0,4
2024-06-25 11:20:57,78,0,0,9922,6,34,34,0,16.0,34,22,5,1810,1804,16.0,6,1,0,79,79,16.0,0,2,4,697,693,16.0,4
2024-06-25 11:20:58,79,0,0,9921,6,34,34,0,16.0,34,23,5,1833,1827,16.0,6,1,0,80,80,16.0,0,2,4,705,701,16.0,4
2024-06-25 11:20:59,80,0,0,9920,6,34,34,0,16.0,34,23,5,1856,1850,16.0,6,1,0,81,81,16.0,0,2,4,713,709,16.0,4
2024-06-25 11:21:00,81,0,0,9919,6,34,34,0,16.0,34,23,5,1879,1873,16.0,6,1,0,82,82,16.0,0,2,4,721,717,16.0,4
2024-06-25 11:21:01,82,0,0,9918,6,34,34,0,16.0,34,23,5,1902,1896,16.0,6,1,0,83,83,16.0,0,2,4,729,725,16.0,4
2024-06-25 11:21:02,83,0,0,9917,6,34,34,0,16.0,34,23,5,1925,1919,16.0,6,1,0,84,84,16.0,0,2,4,737,733,16.0,4
2024-06-25 11:21:03,83,0,1,9916,6,34,34,0,16.0,34,23,5,1948,1942,16.0,6,1,0,85,85,16.0,0,2,4,743,739,16.0,4
2024-06-25 11:21:04,83,0,2,9915,6,34,34,0,16.0,34,24,5,1972,1966,16.0,6,1,0,86,86,16.0,0,2,4,749,745,16.0,4
2024-06-25 11:21:05,83,0,3,9914,6,34,34,0,16.0,34,24,5,1996,1990,16.0,6,1,0,87,87,16.0,0,2,4,755,751,16.0,4
2024-06-25 11:21:06,83,0,4,9913,6,34,34,0,16.0,34,24,5,2020,2014,16.0,6,1,0,88,88,16.0,0,2,4,761,757,16.0,4
2024-06-25 11:21:07,83,0,5,9912,6,34,34,0,16.0,34,24,5,2044,2038,16.0,6,1,0,89,89,16.0,0,2,4,767,763,16.0,4
2024-06-25 11:21:08,83,0,6,9911,6,34,34,0,16.0,34,24,5,2068,2062,16.0,6,1,0,90,90,16.0,0,2,4,773,769,16.0,4
2024-06-25 11:21:09,83,0,7,9910,6,34,34,0,16.0,34,24,5,2092,2086,16.0,6,1,0,91,91,16.0,0,2,4,779,775,16.0,4
2024-06-25 11:21:10,83,0,8,9909,6,34,34,0,16.0,34,24,5,2116,2110,16.0,6,1,0,92,92,16.0,0,2,4,785,781,16.0,4
2024-06-25 11:21:11,83,0,9,9908,6,34,34,0,16.0,34,25,5,2141,2135,16.0,6,1,0,93,93,16.0,0,2,4,791,787,16.0,4
2024-06-25 11:21:12,83,0,10,9907,6,34,34,0,16.0,34,25,5,2166,2160,16.0,6,1,0,94,94,16.0,0,2,4,797,793,16.0,4
2024-06-25 11:21:13,83,0,11,9906,6,34,34,0,16.0,34,25,5,2191,2185,16.0,6,1,0,95,95,16.0,0,2,4,803,799,16.0,4
2024-06-25 11:21:14,83,0,12,9905,6,34,34,0,16.0,34,25,5,2216,2210,16.0,6,1,0,96,96,16.0,0,2,4,809,805,16.0,4
2024-06-25 11:21:15,83,0,13,9904,7,35,35,0,16.0,35,25,5,2241,2235,16.0,6,1,0,97,97,16.0,0,2,4,815,811,16.0,4
2024-06-25 11:21:16,83,0,14,9903,7,35,35,0,16.0,35,25,5,2266,2260,16.0,6,1,0,98,98,16.0,0,2,4,821,817,16.0,4
2024-06-25 11:21:17,83,0,15,9902,7,35,35,0,16.0,35,25,5,2291,2285,16.0,6,1,0,99,99,16.0,0,2,4,827,823,16.0,4
2024-06-25 11:21:18,83,0,16,9901,7,35,35,0,16.0,35,25,5,2316,2310,16.0,6,1,0,100,100,16.0,0,2,4,833,829,16.0,4
2024-06-25 11:21:19,83,0,17,9900,7,35,35,0,16.0,35,26,5,2342,2336,16.0,6,1,0,101,101,16.0,0,2,4,839,835,16.0,4
2024-06-25 11:21:20,82,1,17,9900,7,35,35,0,16.0,35,26,5,2368,2362,16.0,6,1,0,101,101,16.0,0,2,4,840,836,16.0,4
2024-06-25 11:21:21,83,0,17,9900,7,35,35,0,16.0,35,26,5,2394,2388,16.0,6,1,0,101,101,16.0,0,2,4,841,837,16.0,4
2024-06-25 11:21:22,83,0,17,9900,7,35,35,0,16.0,35,26,5,2420,2414,16.0,6,1,0,101,101,16.0,0,2,4,842,838,16.0,4
2024-06-25 11:21:23,83,0,17,9900,7,35,35,0,16.0,35,26,5,2446,2440,16.0,6,1,0,101,101,16.0,0,2,4,843,839,16.0,4
2024-06-25 11:21:24,83,0,17,9900,7,35,35,0,16.0,35,26,5,2472,2466,16.0,6,1,0,101,101,16.0,0,2,4,844,840,16.0,4
2024-06-25 11:21:25,83,0,17,9900,7,35,35,0,16.0,35,26,5,2498,2492,16.0,6,1,0,101,101,16.0,0,2,4,845,841,16.0,4
2024-06-25 11:21:26,83,0,17,9900,7,35,35,0,16.0,35,26,5,2524,2518,16.0,6,1,0,101,101,16.0,0,2,4,846,842,16.0,4
