,,,,,globalP,globalP,globalP,globalP,globalP,globalP,packetP,packetP,packetP,packetP,packetP,packetP,sessionP,sessionP,sessionP,sessionP,sessionP,sessionP,transactionP,transactionP,transactionP,transactionP,transactionP,transactionP
,subscriber_count_Connected,subscriber_count_Idle,subscriber_count_Pending,subscriber_count_Unregistered,phoenix_memory_cm_max_used_chunks_per_pool_count_cm_globalP_udm,phoenix_memory_cm_used_chunk_count_cm_globalP_udm,phoenix_memory_pool_create_count_cm_globalP_udm,phoenix_memory_pool_destroy_count_cm_globalP_udm,total_allocated_memory_globalP_udm,chunk_create_count_minus_destroy_count_cm_globalP_udm,phoenix_memory_cm_max_used_chunks_per_pool_count_cm_packetP_udm,phoenix_memory_cm_used_chunk_count_cm_packetP_udm,phoenix_memory_pool_create_count_cm_packetP_udm,phoenix_memory_pool_destroy_count_cm_packetP_udm,total_allocated_memory_packetP_udm,chunk_create_count_minus_destroy_count_cm_packetP_udm,phoenix_memory_cm_max_used_chunks_per_pool_count_cm_sessionP_udm,phoenix_memory_cm_used_chunk_count_cm_sessionP_udm,phoenix_memory_pool_create_count_cm_sessionP_udm,phoenix_memory_pool_destroy_count_cm_sessionP_udm,total_allocated_memory_sessionP_udm,chunk_create_count_minus_destroy_count_cm_sessionP_udm,phoenix_memory_cm_max_used_chunks_per_pool_count_cm_transactionP_udm,phoenix_memory_cm_used_chunk_count_cm_transactionP_udm,phoenix_memory_pool_create_count_cm_transactionP_udm,phoenix_memory_pool_destroy_count_cm_transactionP_udm,total_allocated_memory_transactionP_udm,chunk_create_count_minus_destroy_count_cm_transactionP_udm
timestamp,,,,,,,,,,,,,,,,,,,,,,,,,,,,
2024-06-24 08:45:21,0,0,0,10000,6,28,28,0,16.0,28,11,6,268,262,16.0,6,1,0,1,1,16.0,0,1,4,33,29,16.0,4
2024-06-24 08:45:22,0,0,0,10000,6,28,28,0,16.0,28,11,6,278,272,16.0,6,1,0,1,1,16.0,0,1,4,34,30,16.0,4
2024-06-24 08:45:23,1,0,0,9999,6,28,28,0,16.0,28,11,6,288,282,16.0,6,1,0,2,2,16.0,0,2,4,42,38,16.0,4
2024-06-24 08:45:24,2,0,0,9998,6,28,28,0,16.0,28,11,6,298,292,16.0,6,1,0,3,3,16.0,0,2,4,50,46,16.0,4
2024-06-24 08:45:25,3,0,0,9997,6,28,28,0,16.0,28,11,6,309,303,16.0,6,1,0,4,4,16.0,0,2,4,58,54,16.0,4
2024-06-24 08:45:26,4,0,0,9996,6,28,28,0,16.0,28,11,6,320,314,16.0,6,1,0,5,5,16.0,0,2,4,66,62,16.0,4
2024-06-24 08:45:27,5,0,0,9995,6,28,28,0,16.0,28,11,6,331,325,16.0,6,1,0,6,6,16.0,0,2,4,74,70,16.0,4
2024-06-24 08:45:28,6,0,0,9994,6,28,28,0,16.0,28,11,6,342,336,16.0,6,1,0,7,7,16.0,0,2,4,82,78,16.0,4
2024-06-24 08:45:29,7,0,0,9993,6,28,28,0,16.0,28,11,6,353,347,16.0,6,1,0,8,8,16.0,0,2,4,90,86,16.0,4
2024-06-24 08:45:30,8,0,0,9992,6,28,28,0,16.0,28,11,6,364,358,16.0,6,1,0,9,9,16.0,0,2,4,98,94,16.0,4
2024-06-24 08:45:31,9,0,0,9991,6,28,28,0,16.0,28,12,6,376,370,16.0,6,1,0,10,10,16.0,0,2,4,106,102,16.0,4
2024-06-24 08:45:32,10,0,0,9990,6,28,28,0,16.0,28,12,6,388,382,16.0,6,1,0,11,11,16.0,0,2,4,114,110,16.0,4
2024-06-24 08:45:33,11,0,0,9989,6,28,28,0,16.0,28,12,6,400,394,16.0,6,1,0,12,12,16.0,0,2,4,122,118,16.0,4
2024-06-24 08:45:34,12,0,0,9988,6,28,28,0,16.0,28,12,6,412,406,16.0,6,1,0,13,13,16.0,0,2,4,130,126,16.0,4
2024-06-24 08:45:35,13,0,0,9987,6,28,28,0,16.0,28,12,6,424,418,16.0,6,1,0,14,14,16.0,0,2,4,138,134,16.0,4
2024-06-24 08:45:36,14,0,0,9986,6,29,29,0,16.0,29,13,6,437,431,16.0,6,1,0,15,15,16.0,0,2,4,146,142,16.0,4
2024-06-24 08:45:37,15,0,0,9985,6,29,29,0,16.0,29,13,6,450,444,16.0,6,1,0,16,16,16.0,0,2,4,154,150,16.0,4
2024-06-24 08:45:38,16,0,0,9984,6,29,29,0,16.0,29,13,6,463,457,16.0,6,1,0,17,17,16.0,0,2,4,162,158,16.0,4
2024-06-24 08:45:39,17,0,0,9983,6,29,29,0,16.0,29,13,6,476,470,16.0,6,1,0,18,18,16.0,0,2,4,170,166,16.0,4
2024-06-24 08:45:40,18,0,0,9982,6,29,29,0,16.0,29,13,6,489,483,16.0,6,1,0,19,19,16.0,0,2,4,178,174,16.0,4
2024-06-24 08:45:41,19,0,0,9981,6,29,29,0,16.0,29,13,6,502,496,16.0,6,1,0,20,20,16.0,0,2,4,186,182,16.0,4
2024-06-24 08:45:42,20,0,0,9980,6,29,29,0,16.0,29,14,6,516,510,16.0,6,1,0,21,21,16.0,0,2,4,194,190,16.0,4
2024-06-24 08:45:43,21,0,0,9979,6,29,29,0,16.0,29,14,6,530,524,16.0,6,1,0,22,22,16.0,0,2,4,202,198,16.0,4
2024-06-24 08:45:44,22,0,0,9978,6,29,29,0,16.0,29,14,6,544,538,16.0,6,1,0,23,23,16.0,0,2,4,210,206,16.0,4
2024-06-24 08:45:45,23,0,0,9977,6,29,29,0,16.0,29,14,6,558,552,16.0,6,1,0,24,24,16.0,0,2,4,218,214,16.0,4
2024-06-24 08:45:46,24,0,0,9976,6,29,29,0,16.0,29,14,6,572,566,16.0,6,1,0,25,25,16.0,0,2,4,226,222,16.0,4
2024-06-24 08:45:47,25,0,0,9975,6,29,29,0,16.0,29,14,6,586,580,16.0,6,1,0,26,26,16.0,0,2,4,234,230,16.0,4
2024-06-24 08:45:48,26,0,0,9974,6,29,29,0,16.0,29,15,6,601,595,16.0,6,1,0,27,27,16.0,0,2,4,242,238,16.0,4
2024-06-24 08:45:49,27,0,0,9973,6,29,29,0,16.0,29,15,6,616,610,16.0,6,1,0,28,28,16.0,0,2,4,250,246,16.0,4
2024-06-24 08:45:50,28,0,0,9972,6,29,29,0,16.0,29,15,6,631,625,16.0,6,1,0,29,29,16.0,0,2,4,258,254,16.0,4
2024-06-24 08:45:51,29,0,0,9971,6,29,29,0,16.0,29,15,6,646,640,16.0,6,1,0,30,30,16.0,0,2,4,266,262,16.0,4
2024-06-24 08:45:52,30,0,0,9970,6,30,30,0,16.0,30,15,6,661,655,16.0,6,1,0,31,31,16.0,0,2,4,274,270,16.0,4
2024-06-24 08:45:53,31,0,0,9969,6,30,30,0,16.0,30,16,6,677,671,16.0,6,1,0,32,32,16.0,0,2,4,282,278,16.0,4
2024-06-24 08:45:54,32,0,0,9968,6,30,30,0,16.0,30,16,6,693,687,16.0,6,1,0,33,33,16.0,0,2,4,290,286,16.0,4
2024-06-24 08:45:55,33,0,0,9967,6,30,30,0,16.0,30,16,6,709,703,16.0,6,1,0,34,34,16.0,0,2,4,298,294,16.0,4
2024-06-24 08:45:56,34,0,0,9966,6,30,30,0,16.0,30,16,6,725,719,16.0,6,1,0,35,35,16.0,0,2,4,306,302,16.0,4
2024-06-24 08:45:57,35,0,0,9965,6,30,30,0,16.0,30,16,6,741,735,16.0,6,1,0,36,36,16.0,0,2,4,314,310,16.0,4
2024-06-24 08:45:58,36,0,0,9964,6,30,30,0,16.0,30,16,6,757,751,16.0,6,1,0,37,37,16.0,0,2,4,322,318,16.0,4
2024-06-24 08:45:59,37,0,0,9963,6,30,30,0,16.0,30,17,6,774,768,16.0,6,1,0,38,38,16.0,0,2,4,330,326,16.0,4
2024-06-24 08:46:00,38,0,0,9962,6,30,30,0,16.0,30,17,6,791,785,16.0,6,1,0,39,39,16.0,0,2,4,338,334,16.0,4
2024-06-24 08:46:01,39,0,0,9961,6,30,30,0,16.0,30,17,6,808,802,16.0,6,1,0,40,40,16.0,0,2,4,346,342,16.0,4
2024-06-24 08:46:02,40,0,0,9960,6,30,30,0,16.0,30,17,6,825,819,16.0,6,1,0,41,41,16.0,0,2,4,354,350,16.0,4
2024-06-24 08:46:03,41,0,0,9959,6,30,30,0,16.0,30,17,6,842,836,16.0,6,1,0,42,42,16.0,0,2,4,362,358,16.0,4
2024-06-24 08:46:04,42,0,0,9958,6,30,30,0,16.0,30,17,6,859,853,16.0,6,1,0,43,43,16.0,0,2,4,370,366,16.0,4
2024-06-24 08:46:05,43,0,0,9957,6,30,30,0,16.0,30,18,6,877,871,16.0,6,1,0,44,44,16.0,0,2,4,378,374,16.0,4
2024-06-24 08:46:06,44,0,0,9956,6,30,30,0,16.0,30,18,6,895,889,16.0,6,1,0,45,45,16.0,0,2,4,386,382,16.0,4
2024-06-24 08:46:07,45,0,0,9955,6,31,31,0,16.0,31,18,6,913,907,16.0,6,1,0,46,46,16.0,0,2,4,394,390,16.0,4
2024-06-24 08:46:08,46,0,0,9954,6,31,31,0,16.0,31,18,6,931,925,16.0,6,1,0,47,47,16.0,0,2,4,402,398,16.0,4
2024-06-24 08:46:09,47,0,0,9953,6,31,31,0,16.0,31,18,6,949,943,16.0,6,1,0,48,48,16.0,0,2,4,410,406,16.0,4
2024-06-24 08:46:10,48,0,0,9952,6,31,31,0,16.0,31,19,6,968,962,16.0,6,1,0,49,49,16.0,0,2,4,418,414,16.0,4
2024-06-24 08:46:11,49,0,0,9951,6,31,31,0,16.0,31,19,6,987,981,16.0,6,1,0,50,50,16.0,0,2,4,426,422,16.0,4
2024-06-24 08:46:12,50,0,0,9950,6,31,31,0,16.0,31,19,6,1006,1000,16.0,6,1,0,51,51,16.0,0,2,4,434,430,16.0,4
2024-06-24 08:46:13,49,1,0,9950,6,31,31,0,16.0,31,19,6,1025,1019,16.0,6,1,0,51,51,16.0,0,2,4,435,431,16.0,4
2024-06-24 08:46:14,50,0,0,9950,6,31,31,0,16.0,31,19,6,1044,1038,16.0,6,1,0,51,51,16.0,0,2,4,436,432,16.0,4
2024-06-24 08:46:15,50,0,0,9950,6,31,31,0,16.0,31,19,6,1063,1057,16.0,6,1,0,51,51,16.0,0,2,4,437,433,16.0,4
2024-06-24 08:46:16,50,0,0,9950,6,31,31,0,16.0,31,19,6,1082,1076,16.0,6,1,0,51,51,16.0,0,2,4,438,434,16.0,4
2024-06-24 08:46:17,50,0,0,9950,6,31,31,0,16.0,31,19,6,1101,1095,16.0,6,1,0,51,51,16.0,0,2,4,439,435,16.0,4
2024-06-24 08:46:18,50,0,0,9950,6,31,31,0,16.0,31,19,6,1120,1114,16.0,6,1,0,51,51,16.0,0,2,4,440,436,16.0,4
